-3.048469321469419735e-01
-4.728928552460708867e-01
-3.108324962413583914e-01
-4.378504934282838046e-01
-3.606473854981097626e-01
9.668695915963233523e-01
-4.081897243711531398e-01
-2.294650675244846172e-01
-2.290094411883366876e-01
-3.224689863493048203e-01
-6.872355662220265282e-01
-1.361599808337935757e-01
-2.502634424427944287e-02
-1.074310694621244400e+00
-2.003557575325608797e-01
-2.838578530338204398e-01
-2.957275471846664838e-01
1.532595637931836174e+00
2.215467704073453559e-01
-3.294075805678866042e-01
-4.162822356448506872e-02
-1.784099572594450012e-01
-1.330573711188215713e-01
1.202212524048909686e-01
-2.296819038114656097e-01
3.524168767066860330e-01
-3.508671890338425220e-02
2.558975509566912554e-01
-4.645961269753777212e-01
-1.690454329456067273e-01
1.179617534386241751e+01
5.414050557490120985e-01
-4.113017014752082257e-01
-3.136482179525167946e-01
-9.080194303295577862e-01
1.309240291362529840e+00
1.744781650763402192e+00
-7.093071976337604889e-01
-8.661072242450110759e-01
-7.705508483468698211e-01
-3.153542515210838171e-01
-1.234281775968574558e-02
7.799628492705060756e-01
-1.391758495583964861e-01
-5.988361404653353981e-01
-2.866115921441242942e-01
-2.014630700848251410e-01
-1.805401474506546367e-01
6.411083731704743383e-02
-1.013690891778444049e-02
7.027649198850859369e-01
-3.495859736315557603e-02
-2.511730198504957268e-01
-2.737169948437078726e-01
-3.879605503534625660e-02
4.451647093104385888e+00
-2.181345562593698661e-01
4.660767240110053611e-01
-2.390366829870466392e-01
-1.777657203099047012e-01
-2.213552116381813095e-01
-6.713647815898375615e-02
-1.343809035412417918e+00
3.915697990170573295e+00
-2.448968722396195619e-01
-1.355373991478996620e+00
-3.967668668834655743e-01
-3.546883944968973884e-02
-2.702007434539390185e-01
-1.551530043811887583e-01
-2.886308870022113449e-01
-2.531561320302963547e-01
2.732723662155101541e-01
-4.557843015330981795e-01
-3.583787374344430537e-02
-3.054327705740839671e-01
-1.841602455484811218e-01
-8.174131607979667757e-01
-3.384113390605968941e-01
-2.267365587461377674e-01
-1.035259227379562857e-01
-1.708625267649190038e-01
-5.707367865710445409e-01
1.957387518608131538e+00
-1.145762090848661208e+00
-2.040561590194137909e-01
4.859959291238469703e+00
-2.988025837957175024e-01
-2.272931265416794633e-01
-2.172395473441050273e-01
-8.382914249141585339e-01
-1.052905798156708456e-01
-2.265282708816990509e-01
3.804103773813411582e+00
-4.991345470900207526e-01
1.049573708731801114e+00
2.562937379728887771e-02
4.297107440143784624e-02
-4.847408482476517899e-01
2.041410298845905746e+00
1.084516868008764456e+00
1.335378504746318251e+00
-3.156076232409483207e-01
1.009997158429174258e+00
-6.634990204124143753e-01
-1.871267560133255403e-01
-4.173655414419081278e-01
-2.720353699127692759e-01
-3.257484703041463869e-01
-5.371451718416416776e-01
1.785074816813734921e+00
2.728219305382302839e-01
1.711734349092942364e-01
-4.923877295885554228e-01
1.892770370115236245e-01
-2.600467744085343536e-01
-1.341778081040395920e-01
-7.967125188506237743e-01
-1.345991372162821664e-01
2.226044202121814752e+00
-8.349235606013231115e-01
-4.212080375422979084e-01
-1.474709074878980675e-01
-1.596403328304753233e-01
1.686835486691811992e-01
-1.850412119596738014e+00
-4.842162601177128073e-02
2.978859272643908374e-01
-1.648604187721908476e-01
-1.591238351627290160e-01
-1.514388188596008933e-01
3.128612109034841632e-02
-2.779828118056408282e-01
-4.808138083174051114e-01
1.681285034141829227e-01
-2.964381228947396418e-01
4.439508495919446962e-01
-1.969340947510837270e-01
-4.557485347437315037e-01
-2.603727066321234740e-01
-5.416470147531221579e-01
-7.837826654458772413e-02
7.290210530732317562e-02
-2.908522293538717274e-01
-3.372898278599031907e-01
-4.446131426096379680e-01
-1.554483110616452779e-01
-3.010627852159736828e-01
-1.150019372851411176e-01
-5.411818903825299509e-01
-3.243143772599076935e-01
-2.431613229345238880e-01
-1.950035561220155034e-01
-1.328217938044226332e-01
3.615520731005203089e-03
-2.343146793730547517e-01
-4.630511691604206059e-01
-1.402096354968002390e-01
-2.612021138304052026e-01
-7.949477896228082097e-01
-2.836817762646128283e-01
1.923429358759015384e-01
-3.447314950722223936e-01
-2.703931575185529179e-01
-3.056257624333206802e-01
-3.067042317077672275e-01
-1.754113540938796734e-01
-1.154040436806111236e+00
-1.001816859105681273e-01
-2.804003088781834019e-01
-1.515197663688618024e-01
2.247253914472653324e+00
-3.312073485860602129e-01
2.446194503281183541e-01
-2.972804800671561831e-01
-2.147345599701943331e-01
-1.059264563820627031e-01
-1.121484813117611806e-01
5.604748801045141698e-02
-2.149923469891327488e-01
3.703539739678965437e-01
1.190469160114744973e+01
-4.262997748819096766e-01
-5.529094863200733068e-01
-4.457584024046088583e-04
-1.731592355715016185e-01
-2.847319097826052636e-01
9.864689064996200685e+00
-2.561424744038853230e-01
-2.299696470216453792e-01
-7.833967393063382412e-01
-2.071528096269169839e-01
-2.712217118675945282e-01
-1.517853865857127504e-01
-8.066244400788186164e-01
3.097812756405974088e+00
-3.539855904688928301e-01
2.747697331853702796e+00
-1.475149520012714321e-01
-2.770167468113819420e-01
-2.629359509910764170e-01
-2.263779120975308035e-01
-2.537464025461539374e-01
2.480910606468208351e-02
-5.553819457759466838e-01
-2.840706158812886239e-01
1.398891539772527393e-01
-2.490763365214526959e-01
-2.600906336473493563e-01
-3.056799352518574930e-01
1.608161688580383109e+00
-2.351001589175588935e-01
-2.762797989278575339e-01
-3.940067955937799904e-01
-1.831076684285172507e-01
-1.141712636407824916e-01
-2.287178946378937427e-01
-4.813003590869137649e-01
8.141710657096930259e-02
3.590887252885600067e-01
-4.043257886498545228e-01
1.296855312060805898e-01
-2.611458964654482240e-01
-9.462091121075182076e-02
-3.366378341235908844e-01
2.018113361077874396e-02
1.051233731215719169e+00
-1.424189056209975990e-01
-4.857138415227787998e-01
5.235378407574294846e-01
-2.858672978156683864e-01
4.714453276790416675e-02
-2.727177948891871817e-01
1.657820288066055026e-01
-2.531840050278881260e-01
1.205400046193179442e+01
-7.981504821752573031e-01
-3.338955959929401085e-01
1.191962466366847773e+00
-2.914851774540758167e-01
-1.545587772062738952e-01
-2.132508780252614644e-01
-3.053637815952591761e-01
-2.561774352528353726e-01
-1.742048052069386233e-01
-1.005978926223077385e+00
-2.789972544373264252e-01
-2.618176277304208877e-01
9.687731961675390135e-02
1.344090149007989010e-01
