2.022420330236982409e+02
2.657175664692359760e+02
2.648403926040850820e+02
1.975199653872439285e+02
3.362030183339285827e+02
4.567503069836407121e+02
4.941664950496649453e+02
3.430360706287430048e+02
1.771434615268796620e+02
2.061409765150066278e+02
2.713538901971102177e+02
2.497352314478338258e+02
3.335106221992840005e+02
2.416190513874211092e+02
1.683816100684994694e+02
1.701649178932356676e+02
4.815590397536720957e+02
9.939735703232926198e+02
4.162116766087540327e+02
3.034676155800539732e+02
3.172527802624498463e+02
1.838803107167116764e+02
2.277563164532894007e+02
3.051970228246096895e+02
1.708143177040373644e+02
7.413121844286773694e+02
3.189757648977490589e+02
4.035327842077106766e+02
2.182480997689056608e+02
3.846317818724696735e+02
2.600919771047985250e+03
1.763070689919265988e+02
2.661268249625316571e+02
1.621857065205510366e+02
3.279904928521963257e+02
7.619405508436344689e+02
4.237393480996727249e+02
1.944274528059844442e+02
1.768781795931431020e+02
4.562421823084288235e+02
1.584556099769028492e+02
2.016267207117629141e+02
6.649852504488593468e+02
3.074946241909413516e+02
3.024987497836387433e+02
1.626111593505077622e+02
2.585341353900666945e+02
1.790732953175609623e+02
1.784827883415222232e+02
2.650052374147531964e+02
5.914602534762979076e+02
2.482552236478004488e+02
1.729801899225889770e+02
1.502075353018161650e+02
3.518939361592464934e+02
3.360462975558826315e+02
1.524824135706372203e+02
4.433975207942646648e+02
1.672981903037620555e+02
3.128070124856316738e+02
2.197028909930141367e+02
1.833445632369143823e+02
2.210402006590224460e+02
9.847798878629612318e+02
2.807233791147716033e+02
2.508331231623020585e+02
1.646262200977430439e+02
2.418353707938748585e+02
2.378115254227032551e+02
2.178356944265564152e+02
1.618102003844177830e+02
1.674462028909561013e+02
1.618809137572649206e+02
1.902572657107694454e+02
5.910974040716316722e+02
1.571587241081533648e+02
2.347508645690484741e+02
1.708958675242375307e+02
2.736689071406912035e+02
2.378849404226871229e+02
2.110714535320868208e+02
2.044906892105599923e+02
3.378817878634752105e+02
4.888293615586778174e+02
2.802537284343187594e+02
1.999040405362343336e+02
1.503291116363624724e+03
2.249403937797192157e+02
3.853918530925957953e+02
1.831123116892134135e+02
2.907120479337337429e+02
4.111994191579365747e+02
6.829227009560867145e+02
5.005998426621504223e+02
3.900694383754011483e+02
3.157078369836771117e+02
2.412493732102910826e+02
2.400393163923419593e+02
2.723460952211548260e+02
5.633661204367189157e+02
2.390437045728801877e+02
7.935902250345653783e+02
2.145706653829202537e+02
1.760471147610884373e+02
2.043136416925981393e+02
2.559124857321704098e+02
1.905482841974236976e+02
2.770255103167295943e+02
1.628689345809178235e+02
2.197689827325170313e+02
9.732923001895825337e+02
3.786012602993930614e+02
2.419126441374748424e+02
3.546917497544741309e+02
2.140002866192071451e+02
6.889347742909143335e+02
1.785690664978122300e+02
1.691951562777933304e+02
6.765816228738431164e+02
1.844160581965102779e+02
2.436849468988161789e+02
2.121651704028236622e+02
1.965153766576304974e+02
3.076964039392564700e+02
1.912100299370418952e+02
1.003117516102982222e+03
3.616681210547304772e+02
3.081235648493657777e+02
2.536070099177376278e+02
1.903013337562083507e+02
2.643313065451919215e+02
5.325727236206224688e+02
1.609723298237254880e+02
7.599724007525841216e+02
4.846739515455950595e+02
1.953902663226208460e+02
2.340248608316338164e+02
2.199880734663706789e+02
1.842487018235041205e+02
1.682396304809421395e+02
2.389613800502419849e+02
2.780124298791086517e+02
7.230039945954732730e+02
1.675925066648327970e+02
1.834115007097461216e+02
3.518902643427229577e+02
1.874839028892141641e+02
8.183605058442078644e+02
3.543837045431455977e+02
1.560956304470090004e+02
1.881704942905582811e+02
2.338462726975805026e+02
2.685979276233434803e+02
1.992720009830438244e+02
2.797312036049852964e+02
2.929787916190961710e+02
2.547856617654213665e+02
5.180178297426145946e+02
2.089071695409093650e+02
3.573649353371035318e+02
1.918659628536288437e+02
3.245632274745645418e+02
2.032816158380301204e+02
3.323656352952399970e+02
1.606172632895962238e+02
1.766443667588467861e+02
2.119404833563585271e+02
2.153478911933394784e+02
3.241184111182068364e+02
3.884274822890819223e+02
2.390633553984562809e+02
1.808877378368712812e+02
2.981022661570546006e+02
3.043447783230599271e+02
2.156730583361373306e+02
1.611123359671646540e+02
2.295201420322904369e+02
2.333947509026548914e+02
4.434285548361593783e+02
2.950837142166733997e+02
7.260027335892644942e+02
1.838299824174056766e+03
2.274566572127474160e+02
3.374904653431688644e+02
3.234668383802492144e+02
2.229565637966893519e+02
1.810404383067225922e+02
1.236744325100572723e+03
2.430970213838388645e+02
1.590847594845394042e+02
1.221225614207173976e+03
1.883382053146105477e+02
2.023486899229598635e+02
1.823980917277165190e+02
3.033523988900949462e+02
1.806771271474254945e+02
2.063984689028592356e+02
2.766808187767202298e+02
1.561176680008394442e+02
2.054082944822400236e+02
1.845466037421294914e+02
4.207576431238132386e+02
1.802889490767856273e+02
3.152462207149857250e+02
4.390347050264338691e+02
1.687471319930112941e+02
4.252855737440721100e+02
1.954825508785249326e+02
1.731841514120009151e+02
4.066959595549069491e+02
4.952794666028730717e+02
1.619922922155475931e+02
1.698396966387289240e+02
2.171296064755862858e+02
1.935597927001184075e+02
3.355020690550226732e+02
2.050385207776381549e+02
3.553490314106692267e+02
3.122133179100418374e+02
1.789842019479241344e+02
1.930663665131894504e+02
5.028999787694413044e+02
2.064098931188482311e+02
3.883160303269200995e+02
3.086310601178978459e+02
5.658812539145932305e+02
9.016909253781149118e+02
2.677724333150765119e+02
2.250248439408813397e+02
7.248399964356344753e+02
3.058703986041617213e+02
2.043815559013287952e+02
1.756302954149599032e+02
9.416702676565734009e+02
1.738971904433349209e+02
1.543562322641045512e+03
4.089135568746015110e+02
1.776894580464754085e+02
1.211553270255442612e+03
4.812999911674039595e+02
1.804760150171868531e+02
4.340761164181560616e+02
1.824792745724979000e+02
1.666214785661636597e+02
1.966055135650627221e+02
3.087734005143111062e+02
2.274406884977967138e+02
2.508249421186877726e+02
3.775683345029804059e+02
4.132739585114048850e+02
