2.362898323221524974e-02
3.197972109419561226e-02
1.101939050166577186e-02
-2.108865798679724485e-03
-2.580875841988304609e-02
-3.665167626501575349e-02
1.144298722950281774e-02
-6.985489671145167501e-02
1.531565743217206677e-01
-1.317191730619415510e-02
-2.213557519091321688e-02
-3.017923461652058728e-02
1.801916756771914860e-02
2.895169022843009296e-02
4.020784401320408319e-02
-1.384843266614650681e-03
-9.167762964448825797e-03
-4.330770066861230894e-02
1.109697229935876009e-02
1.195855360934923450e-03
-2.578087775232003331e-04
1.920136611205806310e-01
6.362654816459138718e-02
3.058687119741671998e-02
-3.614175059555277403e-02
-3.159307950855373692e-02
5.250739722285549527e-02
5.335590569044955378e-02
5.438359475370687507e-03
8.146424485448302416e-03
3.204121873691199995e-02
-2.759425452880728130e-02
2.887691351701415221e-01
-1.072188059665190978e-02
-2.529363611104115325e-02
-1.903541818508757907e-02
5.791529720949732674e-02
4.182940239196709931e-02
-9.679722186847057597e-02
-2.349860304484579013e-02
-3.055595223410092695e-02
2.184444590841256029e-01
-1.902824288952885065e-02
4.838175013256762469e-02
1.191403339855924212e-02
-2.553773947850321302e-02
-7.302126334018954612e-02
4.622213451092184455e-02
3.395293337291541147e-02
-3.120077144777022582e-02
-6.103755784478546997e-02
8.283288781978311727e-03
-4.788356729246559529e-03
-1.488672387292687763e-02
-1.142350861140248829e-02
-6.942363756060127705e-03
-1.703839341670206411e-02
5.332357899029206705e-02
3.630343541605472735e-02
7.566888644391010083e-03
-1.803023948391646591e-02
1.503490319766882452e-02
2.573189795007156319e-02
4.476484800399888053e-04
-1.122942193391451154e-02
-1.549286011547874181e-03
3.248942741884681962e-02
-1.073299451148083256e-01
2.440565259340893647e-02
1.277166153819317765e-02
-2.001058749028327213e-02
-1.696396350701367961e-02
-1.342034256505359596e-02
5.595910324653655121e-02
2.004918781132630501e-01
-4.008966942265060340e-02
6.402768211249899866e-02
5.463448129899337036e-02
1.041268285111666622e-02
4.008810293616767162e-02
-1.066140783672896511e-02
4.728834275807956844e-02
3.176264296968731027e-02
1.356255874574431308e-01
-2.318419527556351070e-02
-9.083675697837637758e-03
4.875056725460424900e-02
1.989847798692679845e-02
1.158766466250682886e-01
-8.066481875545794544e-02
7.779841463792867839e-02
1.054871660823960416e-03
5.068829745699243716e-01
-3.537292615051652878e-04
4.257546550178642475e-02
1.813399873888358119e-02
-1.240237170669460445e-02
1.024535532983613176e-02
2.217423051459019648e-02
-2.602772014307950382e-03
-1.653614868297351159e-02
-1.025041516641539072e-02
-4.417261288339667524e-02
2.820167107126156023e-02
9.371199213418414387e-02
-2.235269361192928142e-02
-5.116506279614838060e-04
5.836998577149091899e-03
-1.003446290551301620e-02
-7.490146283563686724e-02
1.834689403796012017e-02
2.942192523460868125e-03
-1.411303441494017250e-02
1.121874039566576747e-01
-5.178059421816916946e-03
-7.178028983895076015e-03
4.072162468490878734e-03
3.453024929363324863e-03
3.500535482031631729e-02
4.752462453224250150e-02
1.738800361970002997e-02
-8.061656424571444352e-03
-1.946455835596594061e-02
1.571282095459458281e-02
3.315991426107254419e-03
-2.085941135696948306e-02
7.607445765850980729e-03
1.686642504198129430e-02
2.372383974922380109e-02
-3.311464776023596845e-02
-2.397525833945286441e-02
-2.748945016574016673e-02
-1.117069097498823854e-01
-3.643534363679216959e-02
2.481860779495088931e-04
-4.150056239498625676e-02
2.762703459077633580e-02
2.095826813905575167e-02
-6.498216436733771778e-03
-7.681315576120274075e-03
4.693332701864462442e-02
-3.756397129536310359e-03
6.619681818914602278e-02
3.758005607507886037e-02
-1.038250724292576199e-02
6.811561350995077452e-03
7.453637119623220120e-02
1.108858686726236706e-02
-1.028566830106461411e-01
2.115880598235109489e-01
4.648269872291853344e-04
-1.280350079253246218e-02
1.268823486613429238e-02
-1.982955887114102450e-03
-2.223372184306664917e-02
7.896450896075223741e-03
-2.401255566349741119e-02
7.260369929269648581e-02
1.760545577431814682e-02
7.728990621849580328e-03
1.102841339380857683e-01
7.370152411843088752e-03
8.371537577126046681e-04
1.096703545806534535e-01
9.181775889165431914e-04
4.307898752795015496e-02
-1.053475501442991888e-02
1.449720456285923456e-02
-1.895065313489198780e-02
8.372870618076931615e-02
-2.469261376880967779e-03
-1.108696840983290632e-02
1.029199871697927121e-03
6.136177855731655972e-02
3.105304436329604095e-03
2.119695231337617169e-01
9.893497180780516653e-02
2.268538885267814414e-03
-2.917773651252151407e-03
3.246882800379961853e-02
-2.241994346967223981e-02
-1.452424500377751809e-02
1.548856570363132609e-02
3.003857122265194898e-02
1.569783484132309878e-02
2.630815666676309533e-03
-1.126403338380605954e-02
-6.546215535969206190e-02
2.876387633980794292e-02
2.910604795468042794e-04
-7.757580517663917319e-02
-2.736466596451480118e-02
5.576094570063434841e-02
1.587917980756421363e-02
-5.461442689767236069e-02
-2.085389466189457169e-02
1.410470937016448378e-01
-5.066960244428375670e-03
3.019740249336020851e-02
-1.955348793957555412e-02
4.508229377581339514e-02
3.816177379091138799e-02
-1.210884918285136252e-01
-3.791610780863188812e-02
7.379136050139310787e-04
1.125407825356754127e-01
4.760164787314612178e-02
-2.348467228331294759e-03
4.453586014058545650e-02
-2.068488912225381268e-02
-6.368986694513037450e-02
3.158151854528186420e-02
4.866006351029351917e-02
1.157843418014612297e-01
2.734532645054844197e-03
1.894352155509678240e-02
-5.889434031696744870e-03
-6.127721880630713353e-03
4.319074497426789172e-02
2.712604087292283181e-02
-1.706105292860530392e-03
3.119769956538120947e-03
4.628342446731868731e-02
3.064002790614374014e-02
1.281798640593239877e-02
1.533430489940483185e-02
1.275398723252427549e-02
1.300491020602520184e-02
1.005566693346439805e-01
-1.035415964546998815e-02
-9.217331728233104510e-03
1.727074442713594574e-02
6.417308437000364407e-02
-3.855619453544515546e-03
-9.105263459696888440e-02
3.343502366449580682e-03
1.750951371354167105e-02
-3.052109486240451447e-03
1.420398124611398430e-02
4.147406139058779084e-02
-1.704647651945191342e-02
6.397294389903952772e-02
-9.134217533946893675e-02
-8.622366660772469438e-02
3.555107541408412952e-02
-1.681281493894035139e-02
1.531705288952598873e-02
-1.208968140787972795e-03
-2.561532950175686441e-02
-4.790511664435041783e-02
-3.026906860814696301e-02
1.358196333710006698e-01
1.387884150222639876e-02
6.257106771681927859e-02
-1.238902429396963600e-01
9.616279135782845183e-03
1.675131558609219487e-02
8.934181417293195898e-03
-1.803260630651462235e-02
-9.623012541360675270e-03
2.379950115873827043e-01
-2.658074919571175310e-02
-3.902510167014285741e-03
-6.403925020602094231e-03
-7.282510308958965034e-03
-2.116817958775236291e-03
3.172178862937725941e-03
1.785329097898376849e-01
-1.424452567619368185e-02
8.624748378673590538e-03
-4.074711603299736168e-02
-1.676562639758694476e-02
-5.327828156063470905e-03
4.251739324733863623e-02
2.417950942809849943e-02
5.890358511301371086e-03
-4.119013591607940949e-04
1.749365575005882786e-02
2.031328569008098925e-02
-1.374206198143191650e-02
-2.030582132054527603e-02
1.463340200480637079e-02
-2.231494961434833321e-02
-9.065103482210474378e-03
-4.742419672870874098e-02
3.175603040374778974e-02
3.753087035266240018e-03
-2.060802713450349613e-02
-1.154563592495086444e-02
6.662277140866640357e-02
3.784553273731570966e-02
1.516070377250697612e-02
-5.089548739636750446e-03
-3.624652609734903969e-03
-2.613551142741702554e-03
5.466881143415004696e-02
-6.988547354379138349e-03
2.730289812216318487e-02
1.150568778084421970e-02
-3.822166973467830409e-02
-4.485430207317020468e-02
-1.790490913651621857e-03
1.102009579171070799e-02
-7.792404320403959611e-03
1.553168707892959785e-02
1.980798617412128301e-02
1.438875377272383349e-01
-3.279103085712510579e-02
-7.210306056086624588e-03
-3.874465960657606095e-03
1.680447647171550221e-02
-8.084624126716637160e-02
-2.686220313696058640e-02
-1.143004599881895442e-02
3.434152829300557430e-02
2.576719923276555094e-02
-1.342771182166216729e-02
-3.275013744607499500e-02
-2.860343221795652591e-04
4.893053909719512207e-02
-9.695757990675077376e-02
1.939678752956201097e-03
-2.397966471619500384e-02
-1.064668955357820843e-02
1.849008696927282452e-03
-1.821806319390925633e-03
2.782178037462096354e-01
-2.746461905958065899e-02
-1.143673463789976474e-03
1.477376065393744969e-03
-1.616692511069941704e-02
-3.320970941345437188e-02
8.141425526516202216e-02
-7.328596333749579084e-02
-2.452615171356248638e-02
1.514963288828850493e-02
4.770655520156134866e-02
-2.708182885105493709e-02
5.527772290637442132e-02
-3.976271244024099510e-03
-2.548494360558278826e-02
1.363427138733493138e-01
5.716849954513253396e-02
1.772764972736303943e-02
-2.879588436978123070e-02
-3.244464185870553352e-02
1.544090279594950987e-01
7.204748795104541637e-02
-2.735921138990170601e-02
4.767798132229357500e-02
-8.954373516646994130e-03
9.192524325659957862e-04
3.514381189988978471e-02
-5.885488515446024582e-02
1.417800673806375242e-02
5.245762877778930439e-03
-1.645371392594931204e-02
-1.218170835795200427e-02
-3.940383562672938184e-03
-4.418178028857075446e-02
-1.104553266870049108e-02
5.661102203066183114e-02
1.845431805998814720e-02
6.268802797398921600e-02
7.027459942969032508e-03
-3.279295313812387314e-02
2.805609241599122186e-02
-1.514389631643362974e-02
-1.160949704815780401e-02
-1.201507493717828001e-04
-2.977823072465013432e-02
1.280124288295160853e-02
-6.395617422006616426e-03
6.376022819438292855e-02
-1.737676505617440775e-03
-2.544427600259947103e-02
1.992070082065061296e-02
-7.563362135970395222e-03
-1.877446897526524883e-01
4.610141230514877564e-02
-5.893537965596263445e-03
-7.784396731147259774e-04
7.659816524731731524e-02
3.071289933556117444e-02
-7.543712270025811767e-03
5.538720961744656585e-03
-1.501274765939600297e-02
4.364327759257176365e-02
1.786602676120837077e-02
5.031689829273257308e-02
-5.387427588040588633e-03
-2.244810916571769385e-02
3.812871728185882048e-02
-2.407859453882436884e-04
3.468861605603876241e-02
-1.000972644405278070e-02
1.817215125589078870e-02
2.169627091153039297e-02
1.936898485172225057e-02
7.079810855569619588e-02
1.771143961049361990e-02
-1.561217202742183272e-02
-3.497190742442320144e-02
7.537603521947601470e-02
2.396795865303074854e-02
3.709745620259179144e-02
1.375022229778282909e-02
-1.199087800683036956e-02
5.371278822232077726e-03
2.931457163415358488e-02
-2.389594499539183722e-02
5.002012398899997880e-02
-6.387057060338495462e-02
5.696405460631711465e-03
8.206510243219253264e-02
9.205622509552192911e-02
1.286014935299740689e-02
1.310738747143154817e-02
6.121014134620696157e-02
-3.363693420738205625e-02
-1.623106199427576390e-02
3.441400090598713268e-02
1.612557535598101721e-01
9.042876163734396566e-02
-2.534008839294517659e-02
3.866929424990749042e-02
1.596830081183070460e-01
2.297894691150102406e-02
-1.810362719338151974e-02
-1.966613973476815866e-02
-2.549291641295574340e-03
-6.492468930532548088e-02
-5.810040433288246597e-02
2.055804690600933002e-02
4.800925615882453701e-02
1.999722825086601083e-02
1.679393229422830938e-02
-2.149298172185804684e-03
-5.418808468576043202e-03
-1.172430792594303731e-02
-1.492962591093956182e-01
-1.153759982137942536e-02
1.145339907187433934e-02
-7.073907561599427490e-03
-2.116383340872992486e-03
4.137944310555197180e-03
2.767860508559001273e-02
4.868865054861094832e-02
1.981005353884223719e-01
5.352530347731181137e-02
1.083477645581314500e-02
1.325580974632594930e-02
2.219658467162275231e-02
-2.092781155098426618e-02
2.290737430893377211e-02
9.663423860582335406e-03
-4.970948497433685942e-02
7.949092256594809253e-03
-1.697197013104198918e-02
1.013236075399328723e-01
-3.793447670176121334e-02
-2.247415412674967986e-02
-2.889957876228781489e-02
-2.053844463594389075e-02
-6.260753702947242927e-03
-2.054007398775010984e-02
-2.668021332866431575e-02
4.088374007165523905e-02
4.491061121120333566e-02
-4.741994496520858526e-02
1.998876624095190582e-02
-4.665516597247097025e-03
1.753445853494977821e-02
-5.121994391030811056e-02
1.784488555368722029e-01
1.125368047760907583e-02
-1.259048845969211114e-02
2.046810189467045821e-03
4.633846518697765787e-03
2.082289952199648311e-02
-2.348920045318864461e-02
3.516531860983621027e-02
5.156958045756246944e-01
1.554777056859427478e-02
2.222244011505702596e-02
5.048867934466229335e-02
2.013645942870857519e-01
1.683388501003033888e-01
1.076610683166924348e-01
1.270015292512079869e-03
-1.640358486735679633e-02
3.751707139487032994e-04
-4.863277457753997779e-02
-5.761466790049320913e-03
7.912173661949388481e-02
9.502962340185300283e-02
-2.525479128162136724e-02
8.334733404487048442e-03
1.028107144243030763e-01
3.188001396061822257e-02
6.535736050439812372e-02
9.522144275548051484e-02
1.299421242575443947e-01
-5.012327890785952395e-03
1.349779772082187676e-02
3.135082655763156423e-03
-1.900848735854276592e-02
2.735831876754801426e-02
6.520162626336994949e-02
2.972927596929981001e-02
8.887519800706674550e-03
-4.218675636848124438e-03
1.211141857499664284e-02
8.104168783836022266e-03
1.359888682272570801e-02
6.468094319972972350e-04
1.024561442770565226e-02
-1.887578389569176396e-02
3.905422297882844840e-02
-7.384859490481809896e-02
2.181884100935931395e-02
3.291597393152510820e-02
9.675148323907960951e-03
6.618704320119152967e-03
-1.550264392627124371e-03
-1.545378490057856477e-02
9.698842153097849555e-03
4.991522002144765241e-03
6.831557393727306221e-03
4.615829304530079391e-02
-1.276742650630569714e-02
6.503887583807572981e-02
2.835841986478272736e-04
4.750717644252811511e-01
2.468631585472309473e-02
-3.026646588798566351e-02
6.343472351468839449e-03
4.775269516370811984e-01
-4.231286652197942949e-02
-1.156743245369556625e-02
1.093819924691650722e-02
-4.116039035024894599e-02
-2.439207406041563747e-03
2.456087852055560336e-02
-7.173484195891127041e-03
-3.574767649603474706e-04
1.339593687841749911e-02
2.531064349797253199e-04
-8.387874668725456978e-03
1.146419690886850765e-02
6.458694769636671301e-03
1.603105085757746892e-02
1.305579020653000952e-02
1.191440218433152329e-02
1.542769932511106265e-02
1.231742736938786290e-02
2.771634232055589578e-02
-1.444047523948301798e-03
-8.406743479650991002e-02
-7.155776695301643842e-02
1.763705034898347679e-01
5.582391730268883301e-02
9.023571994476813074e-02
-4.527982487833016184e-02
2.042350411917448830e-02
4.508329989120406223e-02
8.664709382859564490e-02
-4.097671516633744765e-02
-8.998379036253568997e-02
-7.994524380843876649e-03
-4.171214680711944622e-02
9.900227428077061631e-02
6.625530319578621513e-03
1.025297748758121144e-02
5.876566440124909863e-02
1.059830305571462725e-02
-5.450962347585300988e-03
-5.575974600268736314e-02
2.492910365613689588e-03
2.610953966838925819e-02
2.476126534904431881e-03
3.221234915064763449e-02
-2.025731748660666506e-02
1.263011224991148970e-02
-3.772089543265148837e-02
-4.389230895601387017e-02
1.506810976596930154e-02
3.953437385083505284e-02
6.134289327066032305e-02
1.615657571559692487e-02
1.509657560676004248e-02
5.276072238887455357e-02
7.929998101250175513e-02
-1.064983048070511223e-01
-2.151846939222084795e-02
1.216769512842919357e-02
4.299461614291379130e-04
-2.338588430892461420e-02
-1.008962362910810831e-02
-6.428187823271178797e-03
-7.105858718614729841e-02
1.021089098493160180e-01
5.193629300272188665e-02
1.391526826438413758e-02
-4.065173046300333409e-03
7.455078317832258827e-02
-4.385494255561450672e-03
9.398914341439808251e-02
-1.199065082465187483e-02
-1.806622194378140409e-02
-9.117765792278006987e-04
3.058478914653339070e-03
1.078569536839746740e-01
-4.458600902697457125e-02
6.046092888581970637e-02
2.012983287730453139e-02
-3.055329099148977948e-02
-5.579219870839903506e-04
-1.028262856887563262e-02
3.240495162834990395e-01
2.270559484916126747e-01
1.341251832429473378e-01
6.552561674794955826e-02
3.409094753182648208e-02
2.898199936812518793e-02
1.241019000579729817e-02
1.844907842082378971e-02
1.237671647580059070e-01
2.670885806245866176e-02
5.200053984323793621e-02
8.940698213623619189e-03
6.889905446542303469e-02
-6.545639238910229418e-02
1.115129687085191987e-02
-4.490477740128683698e-03
1.538750409329376345e-01
-2.554642437532120974e-03
-9.936311097165393541e-03
5.021974361595303582e-02
6.571765010654763151e-01
1.325833996543550677e-02
-2.665702154121863537e-03
2.721349518605895718e-03
4.439155433591869537e-02
-1.470978465893463955e-03
2.069790938772758312e-02
2.544846543422445498e-02
1.039054186404995278e-01
1.573281849435543764e-02
-1.434205206358277543e-02
3.130778662827804482e-02
-4.855272932931278124e-03
2.170709468709336107e-02
2.456628153293171912e-01
-2.237282819872087394e-02
4.135302653238760728e-02
-1.463087296704801595e-02
-1.468390794348471348e-02
6.582289056772418212e-04
1.207802318273581629e-02
-1.374713529414639535e-01
3.112275233776206837e-02
-4.065778602313094292e-02
-1.880229406810300999e-02
-4.308317729220688397e-02
1.542587711640374878e-02
-2.524850959730912114e-02
3.523835688362682295e-02
3.021335252409658098e-02
-2.781508825252691081e-03
1.861765832688968766e-02
-1.161541441054065107e-02
1.345436551307291895e-01
2.445833713080874591e-02
-1.123273415776827183e-03
7.361682259138553619e-02
-4.361411740542799065e-02
5.376114712932156259e-02
-3.558530373258626117e-03
-2.331481515890091935e-02
1.062383202069691751e-01
-1.807912351039877435e-02
3.210206262608643335e-02
-3.431380691259769411e-03
-5.229640536152938696e-03
1.647766230827751519e-02
-2.969834887922172609e-02
4.012521447137443187e-02
-2.871759460039934736e-03
-2.778530102099308410e-02
-9.742604589139620963e-02
-4.398213016736012004e-02
-5.730963276042583265e-04
-2.019721966202486438e-02
4.626403483478789408e-03
1.273928628769307181e-01
3.071126416015569974e-02
-4.449709116619429000e-03
-4.847246934437009908e-03
1.730768352859999096e-02
1.031334696451211008e-03
-5.733597648469414276e-02
1.123425536192232538e-01
-5.863613202956339393e-03
3.298947145264667646e-02
-6.601141098793190248e-03
-6.187063842653529877e-02
-1.602136278824316598e-02
1.439509373060028283e-02
2.241956808024007583e-02
5.478170907914480664e-03
2.415706206745886139e-02
7.454353750138283108e-02
1.056965474868731131e-03
2.372566488547083255e-02
-6.092008852975266953e-02
1.459140023594314786e-02
3.690016723734527992e-02
-3.741026659937435328e-02
8.569632297026102269e-03
6.314200763541718414e-03
3.252186951715592411e-02
5.272353496920473975e-03
9.803966362456870837e-03
2.758443977831628521e-02
1.113081412130812256e-02
1.236162584619920554e-02
2.546689252772012940e-03
-6.025767200611976265e-03
-1.063566369792933869e-01
-2.709344759814274681e-02
-1.809296655720334795e-02
2.569635701782466489e-02
2.755304362660071157e-02
-1.640340902109486271e-02
5.623353157151095294e-02
-3.360072340463816920e-02
-1.478089546624885078e-02
-6.926370659920150219e-02
1.031377269743388378e-02
5.594874883040435593e-03
2.743517474253931096e-02
-1.276524062419733263e-01
-6.901682301895532140e-03
2.415090777803941338e-02
-3.555451514720196771e-02
2.186242820586848865e-02
-2.357572314869268298e-03
9.445947856088680872e-02
5.169844595657054759e-03
2.478823612475773361e-02
3.620307042636433659e-02
-7.731298074405291987e-02
-1.175953653354204140e-02
-5.788453080655572847e-02
9.008513933060385143e-03
-7.532381777409330459e-02
-2.025047914986670763e-02
7.503259012794465110e-02
8.344035415195497074e-02
-8.295915219306077698e-03
1.008394793242373827e-03
1.940392915725834833e-01
8.138556580501398602e-03
-8.220360296997516331e-03
2.765187666377228251e-02
-6.780394131193619167e-02
-1.453527647315600371e-02
-4.216645763562409249e-03
-9.376965576478520081e-02
1.424946631557628615e-02
6.708507934251327354e-02
-1.500391672292840720e-02
1.370845487125924370e-02
5.079374465830772956e-02
1.861641991084969291e-02
9.490745095003380594e-02
1.402717413112144693e-02
-6.606631417818475960e-02
2.262236043181860626e-02
-2.890621294067422659e-03
4.769405580876921735e-02
-4.439638113115187967e-02
2.664285302136803688e-02
-2.489321550692292703e-02
9.493546180686044528e-03
2.068701715019268528e-01
-1.129610401318144677e-02
3.114365551340744429e-02
-3.905761484853827875e-03
1.040266401831634394e-02
1.099666462816682386e-02
2.500996324783797894e-02
7.001247766430170050e-02
-1.216181701291657244e-02
3.806808718817782100e-02
1.039307486333620884e-01
-1.893389077599319861e-02
2.540022542778294298e-02
-3.684579637595088164e-02
-1.725102641492351485e-02
-1.272170046649099759e-02
-3.099449265120015132e-02
-5.101863054011951393e-02
-1.738868672704548257e-01
-1.971947821790121305e-02
7.315241687642169005e-03
-2.580522114612499723e-02
1.394652062664200887e-01
5.278950837048243527e-02
-1.268097151942105538e-01
-5.609540217457773675e-03
-7.250916201856563714e-02
-2.429927915056111914e-02
5.420925813309662722e-02
4.712039881623334564e-03
-9.903257642078052564e-03
6.372835352203699844e-02
4.034627875720319667e-01
1.134516281079783057e-03
2.744047212079700829e-02
5.338119708388304463e-02
-9.235456797005065638e-03
5.507072452182903977e-03
1.054572428024032685e-02
1.711624525831970667e-01
-5.853427582221207293e-02
2.138760383588687516e-02
-8.169418529247882838e-03
2.378828203076214717e-02
1.868105732004910965e-02
1.751203629528650871e-02
-1.481778414816318015e-02
2.727323696977127995e-02
5.210408605483812794e-02
1.123004969437266104e-01
9.397212321860175244e-02
2.704598036448973772e-02
-1.569504068744254424e-02
-5.557136991072531007e-02
-2.694385090281637210e-02
-1.710323446474716624e-01
3.205904899237225353e-03
2.967225373666589408e-02
-1.398312542695503632e-02
-2.910516285034993669e-02
-8.916479556097423043e-03
-1.619283625217104658e-02
5.877367835581053662e-03
8.126537321345186221e-03
3.461768014545779648e-02
1.323291708578807832e-02
3.260684932408873526e-02
-3.564421089137213144e-03
-9.622847416526917469e-03
-3.969652778521966241e-03
1.325606556729789706e-02
-3.930957854014301145e-02
-1.238557153762850048e-02
-4.716798558183389611e-03
2.391631123719878058e-02
1.220318519904408858e-02
-1.114920383160541290e-02
3.903529442887980483e-02
-1.050479432524734774e-03
1.000816137992285859e-04
4.729236960297148601e-03
-3.505858901156609642e-02
3.225975971335398595e-02
-5.233119259042720572e-02
1.332251836492808622e-03
2.055171796396519993e-02
-2.711487674456125249e-02
-5.121378813518959183e-02
-1.470097069376016807e-01
5.132033646081439471e-02
5.663995054916272365e-02
2.192315986657550619e-01
-1.523676135054149658e-02
-4.091890089510245854e-02
4.990982227692769557e-02
-4.029651511242429013e-02
-3.536580880010933847e-02
-4.518788696156569168e-03
2.304979568123317543e-02
-2.603850573329955301e-02
-1.815857433865425766e-02
2.520161069574670606e-02
2.605579472621925505e-02
2.283742037235116443e-02
-2.166298649251568315e-02
3.847969823567272407e-02
-1.545595555936388199e-01
9.104092736903612176e-03
8.831038108323091551e-02
8.410267039986053794e-02
3.618135088115025100e-02
5.273654509410255486e-02
1.100854229334837647e-01
7.375243424507545165e-02
-7.722250680618741869e-03
4.588049838567115346e-06
2.983966978771253054e-01
3.012124999002526934e-02
-7.525943317904880414e-02
2.906500565710337311e-02
8.861637027188719318e-02
-1.164490358332701120e-01
2.154002536314358549e-02
7.608359735790517359e-03
-1.712373684135706092e-03
8.671995642850900687e-02
1.896968947589558127e-02
2.417581714984222765e-02
1.855538273634776136e-01
-1.082858670605455279e-02
-6.236375973399755496e-03
-9.672287853368734950e-03
-8.788393734283462405e-03
1.353114977506340300e-01
9.832986178124097226e-03
-1.792242619843682425e-02
2.032196750541169841e-02
1.255358562227247912e-02
-1.259054269210438740e-02
1.776504690280551399e-02
1.866630783711936345e-02
-8.364306772129032758e-03
-2.892689839019297465e-02
1.072695078942400154e-01
7.032699595921239333e-04
-3.912379880624781980e-04
-1.235419828323027977e-02
-1.273980662602519978e-02
7.383953225671622406e-03
-4.140174824579227753e-03
-1.082171223949879649e-02
9.475433236897357753e-03
2.918035612307970025e-02
-9.858110955197726261e-03
6.844980875388512187e-02
4.125092363974704190e-02
7.541577028178307607e-02
-3.468304843238569080e-02
-1.348116134324462700e-01
8.875107065995115757e-03
2.276791983045140313e-02
3.391486811928014211e-02
-2.519497106649557991e-02
-6.615117313443774627e-03
5.609914291961094757e-04
1.104133173367262064e-02
2.582111721621914088e-02
2.010996189777252904e-02
8.667473926140260160e-03
7.081434237529327103e-02
3.527761924807865102e-02
7.663213373559216862e-03
-3.442953280135079008e-02
-4.170153478501514854e-02
2.022531254677089468e-03
4.423349449138129497e-02
-2.033667945261923710e-02
-1.772717681721939012e-02
7.437887366472408640e-03
-3.229116576816835893e-02
1.013694179872515061e-01
8.448274035855050934e-02
2.342001706514802717e-01
-1.474482721881214056e-02
9.491096361082577981e-02
-1.144105369694462943e-01
9.661702078704816066e-02
3.394229299804220334e-02
1.125497898811091482e-02
4.219137443591423897e-02
1.763536861562563923e-03
-5.698827254139225695e-02
-6.936688792989800789e-02
-1.034939537425515338e-01
-2.878347499174225069e-02
6.959192936190749385e-03
3.061364176769750256e-01
6.742374000389185495e-02
-2.149419442614739634e-03
-3.427958216689255128e-03
-3.140621609416045790e-02
8.571271044594620803e-02
-9.101973228996407955e-03
4.133742697440405400e-02
1.684165847648141576e-02
5.359424724696762454e-02
-4.661589627270891489e-02
1.498695999947436408e-01
-9.025166186453496137e-03
1.202831518183526266e-01
4.714898977914482037e-02
1.063516184279988536e-01
4.153911155196875898e-03
2.006689009075672200e-02
-2.649627184536512692e-03
1.435180544889075663e-02
5.234119608496708154e-02
1.259235586827567588e-01
-3.311243116865348474e-02
3.781638572298845480e-02
-6.763105873699177401e-03
-2.118593977046702090e-02
1.062947859960690009e-02
2.863043054972154097e-02
9.630836514268789617e-02
-2.161043708326780555e-02
-1.061781940469424049e-02
2.336931623212387399e-01
3.561464676570655352e-02
1.156504815270975817e+00
1.791934074925668682e-02
-4.223131181532689682e-02
-5.931171722737137164e-02
9.309247862090322401e-02
8.168781291213855072e-03
1.560672236828105838e-02
2.032616418796691707e-02
3.300099435274027326e-02
-1.599679852297352170e-02
-5.100322572168020097e-02
1.803956936959832599e-02
5.857896941560568338e-02
-1.105396533942752321e-02
-6.527265073209595481e-02
3.329473078532922681e-02
4.487333155020218484e-03
1.190527294801232844e-01
4.529657355459688894e-02
-6.985457520290838662e-02
-8.060219697878814177e-03
5.138194822869680822e-02
4.616361670148201590e-02
-2.898199406431972019e-03
-6.972059497794540900e-03
-3.159599592661251066e-02
-3.728092595690273015e-02
-1.452907213920550181e-02
3.648140210315856113e-02
-6.899605769764512175e-02
9.351200805004167976e-03
-1.321646492592130212e-02
2.914291847347212916e-01
5.229634326085642881e-02
1.883698357444595073e-01
-7.796917196262916072e-04
-1.727962053700066516e-02
-5.013860285585941545e-02
1.211794396865989304e-01
1.616708352232787971e-01
2.955121240170398636e-02
-1.380532183537636071e-02
-6.870692235225715760e-02
2.970231019817946155e-03
9.124211698741142851e-02
2.098761265177678526e-01
-2.348612932123813127e-02
4.471871824166161191e-03
-6.647055243265004298e-02
-6.887097261363615830e-02
1.650695883431483810e-02
-2.295751806441193726e-03
2.076265893287204331e-02
-5.309692682909930572e-02
-1.197876878176333884e-02
7.253355951352638553e-02
6.888682419556838021e-02
-2.395280396261600248e-02
1.020215890758341057e-02
9.028109113756281612e-04
-4.578994941665134183e-03
2.406806301820796634e-01
-1.471442017861481280e-02
1.817313899742676805e-02
-1.479068243288641019e-02
7.257919919271427905e-03
-4.577743864710439453e-02
6.066367056789818968e-02
-3.630183151957537546e-02
2.529021728477285832e-02
-3.863764971979141705e-02
2.067163039306590608e-02
-6.792077177180787934e-03
-2.366145164580910412e-02
8.364138297374608400e-02
-9.476459547297765712e-03
1.035537793055313002e-02
7.329002774824469602e-02
5.963684058801037302e-02
-5.842078804493812394e-03
-1.192618227130282094e-02
-2.055073587224360426e-03
1.242288328347674123e-02
8.266263300419099402e-02
-4.396886901101191431e-02
-2.267713972788890781e-02
-4.695860485177779514e-03
2.165315468494280818e-02
-1.037011994351694083e-01
2.224275387281319377e-03
5.902743457449576014e-02
-7.326207076982661770e-02
1.468871688040247758e-01
1.813502388177387278e-02
3.426254248748474007e-02
2.623704746062501328e-02
3.689504075940013006e-02
1.219617007065374251e-02
-1.467879513375639280e-02
5.081602664464442143e-02
-6.794856628346797323e-02
-3.645014812226819723e-02
-6.301390517910281097e-04
-1.917552180667980027e-03
3.429599677226935484e-02
3.041001494472729202e-02
-4.460621520947281871e-02
-2.828475240307794583e-02
6.609515210358001686e-03
-4.025364977969803082e-02
-6.358516843456897549e-02
2.686876822094695638e-03
-1.978744639224502139e-02
1.702055851470000644e-02
-3.870418643197395120e-03
1.764907481019733701e-02
3.254832774159081843e-02
-5.450287404519079532e-03
1.211446983301923616e-02
1.107028197843782508e-03
2.175775689185376754e-03
1.317938997621951602e-01
-3.950033959728368321e-02
-4.600382049043661575e-03
-5.120997855500503126e-02
-6.490152399989922161e-04
-6.463990403944704088e-02
6.423098853168145161e-02
9.174271272069180888e-03
-1.866663708248287104e-02
-3.157171506315309406e-03
-9.980071330085608233e-03
-2.722855895469565232e-02
-1.973953266402522083e-03
1.556760173075979678e-02
-1.461648241063226092e-02
1.542781300595736163e-02
7.869495761206987683e-02
-1.264350831809183395e-01
3.501509683397987377e-03
8.211558086815487489e-02
4.547490696574774810e-03
3.350555419275538793e-02
7.842133917808689902e-02
-1.304451855044335556e-03
-2.033534105522506047e-02
3.939014942904957295e-02
-2.815389233081970824e-02
-1.663986413429005898e-02
-1.373367947357568078e-02
-4.953435492820960212e-03
3.147851465024870121e-02
-2.542969514041350590e-02
5.071993387230094852e-02
9.807947281466784795e-04
1.040064332968529057e-02
-8.452463260353728497e-03
2.094807259021990234e-02
6.587666322313191769e-02
-1.122558156926651771e-02
-5.330978452834461701e-02
1.912974765167658672e-02
7.133625070747591501e-02
7.664590350767576388e-02
7.836138193984690248e-02
2.622718976421236151e-02
2.771581468566023873e-02
-7.818524192615487756e-02
-6.164921354927656999e-03
-2.019546631274414528e-01
-1.211582256006842398e-02
6.985958279960689798e-02
1.190366082698794334e-02
1.122375055710953945e-01
-4.241499264897342913e-03
-1.438857244788506809e-02
-5.531628904539617059e-03
5.921149502685959382e-03
3.568754595111252315e-02
-1.447141353156895099e-03
1.792554464709454273e-02
-8.237916456922093900e-02
5.469070879736113305e-03
6.945809892781694417e-02
2.175671326247879608e-02
-2.136495912730627597e-02
1.017109446978301107e-01
8.789211610947855746e-02
2.636066019575190530e-02
-2.907304756340290189e-02
5.292999109854329420e-02
5.581651622643110100e-01
-2.013074240698149442e-01
3.692019107878165979e-03
3.398344610598616478e-01
9.248576277758251835e-03
8.043671591425000100e-02
2.394297729910514066e-03
2.452510943626439940e-02
-1.442263356594227983e-02
2.515762085601984110e-01
3.916653648656420739e-02
1.029705858222241741e-02
-2.983053066071248913e-02
2.746238884712957073e-01
1.386400183391075722e-02
6.743959840807025458e-03
-4.529007351822066790e-02
1.861154603228256169e-02
6.305227714122642324e-02
3.028149607262497003e-02
3.097576189232989843e-02
-5.436398393125613931e-03
-1.701263287071084346e-02
-1.391953791208582272e-02
2.033922820737502773e-03
-4.884596261610849033e-02
-1.179935161000615976e-02
-2.161689661133793863e-02
-1.481537098269796598e-03
-9.745491421574787455e-03
6.408435105559460998e-02
-1.311885349477573404e-02
1.611423648267980846e-01
-8.616063925883540170e-03
1.563666913349916754e-01
8.432938405112746366e-03
-3.948026133052229270e-02
-4.034097087234494311e-03
5.619633758024154824e-02
-9.662144375027863913e-03
1.332524340488513634e-02
-9.871386204551062943e-03
6.761565006128331112e-04
-1.421696187049470775e-02
2.477278623482631267e-02
6.628462271744851864e-02
